1 13.043638 27.233622
1 27.242192 55.318329
1 53.719935 73.109148
1 74.007408 102.520083
2 13.043638 27.233622
2 27.242192 55.318329
2 53.719935 73.109148
3 13.043638 27.233622
3 27.242192 55.318329
3 63.765311 79.624041
3 92.127805 108.774346
4 13.043638 27.233622
4 27.242192 55.318329
4 112.866424 113.094875
5 13.043638 27.233622
5 27.233622 38.299433
5 74.007408 102.520083
6 13.043638 27.233622
6 27.233622 38.299433
6 47.510113 55.307322
6 63.765311 79.624041
6 74.007408 102.520083
7 13.043638 27.233622
7 27.233622 38.299433
7 63.765311 79.624041
7 74.007408 102.520083
7 107.348964 112.866424
7 112.866424 113.094875
8 13.043638 27.233622
8 27.233622 38.299433
8 74.007408 102.520083
8 107.348964 112.866424
9 112.866424 113.094875
